18
7
384	384	0	15	10	10	-30	-60	0	-30	-60	0	-90	100	60	-20	40	20	40	40	40
384	384	0	25	15	15	-80	-80	0	-80	-80	0	-100	150	70	60	0	60	150	150	40
384	384	0	15	10	0	0	-120	0	0	-120	0	-70	100	50	40	20	60	120	120	50
384	384	0	25	15	15	40	-100	0	40	-100	0	-60	0	0	-45	150	60	10	10	-10
384	384	0	5	5	5	0	-90	0	0	-90	0	-20	40	20	-100	150	60	110	80	20
384  384 -020    017  017  017    025 -045  000    025 -045  000   -020  035  060   -020  035  060    150  150  120
384  384 -020    020  020  020    030 -050  000    030 -050  000   -030  045  060   -030  045  060    170  170  130
8	20	40	20	20	30	120
0