18
7
384 384 000   000 000 000   000 000 000   000 000 000   000 000 000   000 000 000   000 000 000
384 364 000   000 000 000   020-060 000   000-030 000   000 000 060  -030 030 020   030 020 010
504 404 010  -005 005 005   045-135 000   000-030 000   000 030 030  -030 020 000   080 010 040
564 444 025  -005 005 005   040-090-030   000-090 000   020 000-025  -080 080-020   010 070 030
604 384 000   005-005-005  -110-010 000   070-020 000   010 020 060   000 000 000   180-020-010
504 344 000   010 010 010  -030-065 000   020-025 000   015 030 030  -060 060 060   000 020 000
384 404 000   000 000 000   045-135 000  -020-050 000  -015 060 010  -020 010 010   080 100 000
13 12 9 4 9 14 13
0
