img/tex/Old_textures.png

118

house0			0	0	512	512	0
house1			512	0	512	512	0
column1			1024	0	64	192	0
web0			1088	0	128	128	0
web1			1216	0	128	128	0
ruin0			1024	192	64	64	0
rocks0			1088	128	64	64	0
rocks1			1088	192	64	64	0
rocks2			1024	256	128	64	0
radar0			1152	128	256	256	0
pole0			1408	0	64	256	0
rope2			1472	0	512	512	0
winda0			1088	320	64	64	0
krata0			1024	320	64	64	0
dymek0			1984	0	128	128	0
dymek1			1984	128	128	128	0
door0			1344	0	64	128	0
framuga0		1344	0	64	128	0
door1			1408	256	64	128	0
framuga1		1408	256	64	128	0
general0		1024	384	128	128	0
column0			2112	0	64	192	0
kitchen0		1152	384	128	64	0
kitchen1		1152	448	128	64	0
kitchen2		1280	384	128	64	0
oven1			2176	0	128	128	0
chest0			2176	128	128	128	0
table0			1280	448	128	64	0
table1			1984	256	128	64	0
table2			1984	320	128	64	0
alarm0			2176	256	64	64	0
mine0			2176	320	64	64	0
mine2			2368	192	64	128	0
lamp1			2240	256	64	64	0
street0			2112	192	64	192	0
lamp0			2112	192	64	192	0
swiecznik1		2304	0	128	192	0
swiecznik3		768	512	256	192	0
chain0			2304	192	64	128	0
crane0			3072	0	1024	1024	0
helikopter0		0	512	768	192	0
line0			1408	384	32	64	0
line1			1440	384	32	64	0
line2			1408	448	32	64	0
general1		2432	192	64	128	0
tree0			2304	512	256	512	0
tree1			2560	0	512	1024	0
grass3			2432	0	128	64	0
grass4			2432	64	128	64	0
grass5			2432	128	128	64	0
arrow0			2496	192	64	64	0
arrow1			2496	256	64	64	0
arrow6			2240	320	64	64	0
glow0			0	704	256	256	0
crystal0		1984	384	64	64	0
crystal1		2048	384	64	64	0
crystal2		1984	448	64	64	0
crystal3		2048	448	64	64	0
grail0			0	960	64	64	0
stalagmit0		256	704	512	256	0
stalagmit1		768	704	512	256	0
stalagmit2		1280	512	512	256	0
stalagmit3		1280	768	512	256	0
stalagmit4		1792	512	512	256	0
stalagmit5		1792	768	512	256	0
stalagmit6		0	1024	512	256	0
stalagmit7		512	1024	512	256	0
ground0			64	960	64	64	0
rock0			128	960	64	64	0
wall0			192	960	64	64	0
lumber0			256	960	64	64	0
lumbers0		256	960	64	64	0
lumber1			320	960	192	64	0
lumbers1		320	960	192	64	0
lumber3			448	960	192	64	0
lumbers3		448	960	192	64	0
ground_fill0		1024	1024	256	256	0
break0			2112	384	128	128	0
asphalt,0 		704	960	64	64	1
concrete,0 		768	960	64	64	1
construction,0 		832	960	64	64	1
bricks,0 		896	960	64	64	1
bricks,1 		960	960	64	64	1
bricks,2 		1024	960	64	64	1
bricks,3		1280	1024	64	64	1
tile,0      		1344	1024	64	64	1
rivets,0    		1408	1024	64	64	1
panels,0    		1472	1024	64	64	1
panels,1    		1536	1024	64	64	1
panels,2    		1600	1024	64	64	1
grass,0			1280	1088	64	64	1
ribbing,0   		1340	1088	64	64	1
ribbing,1   		1408	1088	64	64	1
ribbing,2   		1472	1088	64	64	1
dirt,0      		1536	1088	64	64	1
paving,0    		1600	1088	64	64	1
paving,1		1280	1152	64	64	1
wood,0      		1340	1152	64	64	1
wood,1      		1408	1152	64	64	1
wood,2      		1472	1152	64	64	1
wood,3      		1536	1152	64	64	1
wood,4      		1600	1152	64	64	1
tile1			1280	1216	64	64	1
canal0      		1340	1216	64	64	1
canal1      		1408	1216	64	64	1
pipes0      		1600	1216	64	64	1
pipes1			1024	512	64	64	1
pipes2      		1088	512	64	64	1
pipes3      		1152	512	64	64	1
tapeta0     		1216	512	64	64	1
tapeta1     		1024	576	64	64	1
tapeta2     		1088	576	64	64	1
tapeta3			1152	576	64	64	1
vent0       		1216	576	64	64	1
vent1       		1024	640	64	64	1
glass0       		1088	640	64	64	1
glass1      		1152	640	64	64	1
glass2       		1216	640	64	64	1