150 200 150
200 0 0
250 0 50
50 50 250
250 100 150
250 250 250
150 50 200
0 50 100
200 150 0
50 150 150
100 200 250
200 0 250
250 150 50
150 50 0
50 250 100
150 200 0
0 200 50
150 150 250
50 150 100
0 50 50
250 200 200
250 0 200
50 50 200
200 250 250
50 200 200
200 50 0
250 200 100
200 250 150
250 200 50
100 50 100
250 150 200
100 50 0
50 50 50
150 50 250
200 200 50
100 100 50
50 250 150
100 150 200
150 100 0
200 250 0
250 100 200
50 150 50
250 250 50
150 200 100
50 200 50
0 250 250
150 100 50
50 200 0
250 50 0
100 200 0
150 100 250
250 150 250
50 50 150
200 200 200
0 50 0
150 100 200
150 250 100
200 100 200
0 200 100
100 250 50
200 150 100
50 0 200
0 150 150
0 250 200
250 50 200
250 150 100
0 50 200
0 0 0
250 50 150
100 200 150
100 250 200
0 0 150
150 50 150
100 100 0
250 150 0
50 0 100
0 0 200
200 150 200
250 50 50
150 100 100
200 50 100
150 250 150
100 100 150
50 0 150
200 100 100
50 0 0
250 100 50
0 100 0
100 200 100
250 250 0
100 150 0
250 200 150
100 250 0
150 0 0
150 100 150
200 0 100
150 250 50
200 0 50
50 100 250
0 100 250
100 0 0
100 150 150
0 150 50
100 100 200
200 150 150
200 100 0
0 50 250
150 250 0
200 250 100
200 50 150
0 100 200
100 0 150
50 150 250
200 50 50
0 150 100
50 250 0
100 0 50
200 0 200
50 50 0
250 150 150
50 150 200
0 200 200
100 250 250
250 50 100
150 50 50
150 150 50
200 50 200
100 0 250
50 50 100
200 150 250
250 0 0
200 0 150
0 250 50
200 50 250
200 250 200
150 0 200
0 50 150
200 200 150
150 150 150
50 0 50
50 250 250
150 150 0
50 100 0
250 250 100
50 100 100
0 150 200
150 200 50
200 100 50
0 200 150
150 150 200
250 200 0
100 50 250
150 0 100
150 200 200
250 0 250
0 0 50
150 200 250
0 100 100
50 150 0
150 150 100
100 50 200
100 150 250
100 200 50
50 200 100
100 50 50
250 0 150
0 150 0
100 0 100
100 50 150
100 250 100
50 200 150
0 250 150
100 150 50
0 200 0
200 200 0
100 150 100
200 250 50
250 100 250
150 50 100
150 0 150
0 0 100
100 100 250
100 250 150
200 150 50
200 100 250
50 200 250
100 200 200
150 0 250
250 250 150
50 100 50
100 0 200
200 200 100
50 100 150
250 50 250
0 100 50
50 250 50
150 250 250
250 100 0
50 0 250
0 150 250
150 0 50
250 250 200
250 200 250
0 250 100
250 100 100
50 100 200
50 250 200
250 0 100
200 100 150
0 250 0
150 250 200
200 200 250
100 100 100
0 200 250
0 0 250
0 100 150
